 5367
 644
 24465
 20153
 23621
 17675
 26580
 17923
 3949
 30019
 10721
 6228
 26324
 31637
 13199
 7624
 27314
 28080
 24494
 17851
 11876
 12666
 26556
 3784
 30126
 11635
 31255
 10386
 13247
 24005
 17700
 21957
 13806
 18187
 17993
 7125
 19896
 9303
 21854
 12452
 918
 10958
 30856
 19179
 12671
 5418
 1530
 891
 14020
 13729
 26947
 27755
 1726
 24671
 5057
 29342
 27030
 1179
 24840
 29242
 29290
 16047
 23529
 16281
 24990
 31669
 12249
 30299
 30277
 19236
 24078
 3660
 23305
 17460
 29155
 4216
 18673
 22459
 22375
 14662
 24419
 29730
 8820
 3177
 23059
 7749
 32200
 30844
 7113
 13233
 21978
 683
 21423
 17287
 22453
 12809
 5064
 25893
 31046
 8078
 23034
 27665
 27464
 254
 11471
 31350
 290
 28108
 10954
 22096
 18413
 16463
 12698
 8092
 22121
 13578
 19498
 30684
 18884
 31681
 24649
 5560
 7102
 25407
 25269
 3175
 22841
 27728
 856
 11839
 22773
 28616
 25958
 14450
 18025
 10724
 21233
 1872
 12836
 4107
 23330
 6805
 15374
 23054
 30053
 24876
 9963
 8207
 27297
 3796
 11431
 3111
 1235
 14598
 18030
 3693
 6877
 16466
 29196
 1660
 23734
 15750
 25547
 21397
 32381
 30000
 20634
 15698
 3812
 7166
 23168
 16484
 27445
 27604
 27402
 6749
 32497
 15324
 3288
 17673
 23924
 31759
 27727
 21499
 4035
 30138
 14300
 801
 10812
 14084
 12741
 20167
 11771
 12577
 13682
 31767
 6906
 16094
 15036
 22895
 24789
 28681
 12325
 29480
 26881
 32198
 9104
 28286
 20039
 19324
 3106
 20097
 11547
 2348
 21932
 23623
 2720
 25273
 7653
 21954
 486
 28575
 27260
 14230
 7433
 1288
 946
 22000
 7418
 7293
 5366
 16362
 22701
 26923
 16914
 26052
 21573
 20633
 7444
 26496
 22540
 6616
 22116
 32271
 18201
 89
 31627
 10445
 19685
 31244
 21956
 23139
 15510
 22755
 17753
 792
 15901
 14181
 3701
 26169
 23310
 16998
 919
 1010
 17746
 23886
 22394
 20064
 19751
 31071
 30035
 26427
 4876
 12872
 16711
 20668
 3103
 4326
 10707
 13367
 13681
 13064
 29386
 22407
 6142
 30099
 20484
 26782
 13585
 14882
 26151
 13405
 6651
 29445
 6500
 17228
 9
 11352
 29762
 26261
 23962
 20770
 12306
 17261
 20942
 863
 1482
 22565
 7017
 25204
 32585
 17055
 13154
 14734
 17841
 9783
 12621
 29599
 5348
 15828
 20848
 24741
 9860
 18393
 15710
 8386
 18384
 26825
 7033
 22988
 6515
 182
 1052
 31252
 3115
 1311
 31683
 667
 19826
 10786
 15212
 28339
 20366
 7448
 13189
 527
 124
 2213
 22825
 22562
 28640
 5213
 14034
 15809
 2263
 13477
 31251
 8405
 13884
 20796
 31194
 8499
 31036
 28470
 29646
 13373
 18250
 2372
 4880
 7267
 27485
 18012
 31501
 18785
 11041
 11743
 21985
 17509
 4883
 1681
 20915
 28581
 27878
 12247
 3676
 22808
 26299
 18984
 22910
 1014
 15960
 21476
 18534
 25540
 31069
 8541
 11842
 11650
 261
 7283
 7320
 6269
 4010
 4469
 30374
 11186
 2415
 957
 4131
 15103
 22477
 8288
 20216
 19073
 8931
 15190
 20137
 29248
 5082
 8485
 18712
 7827
 2961
 5576
 20162
 30206
 9560
 21799
 14121
 4725
 1945
 11193
 13532
 12740
 148
 5614
 521
 25819
 6239
 15390
 11447
 26744
 27179
 26066
 31795
 5764
 3288
 31131
 2268
 25001
 31275
 18551
 14744
 21798
 22417
 13561
 30563
 18679
 5403
 21180
 28380
 28294
 16875
 19258
 8902
 6593
 4690
 27580
 11791
 7010
 28922
 19395
 14048
 21733
 9997
 27868
 1187
 17187
 21848
 17710
 3878
 16538
 855
 28179
 20325
 13855
 26676
 21534
 12232
 16160
 52
 7976
 12540
 4250
 5513
 10419
 15047
 3868
 18735
 24845
 27046
 14487
 7638
 27490
 14272
 30876
 31738
 2270
 28966
 7974
 22021
 12025
 14726
 14003
 21668
 13270
 28624
 5343
 1062
 12861
 28211
 10254
 31168
 24905
 19616
 24970
 27811
 7876
 4834
 819
 10008
 25503
 32543
 27552
 2416
 16486
 17314
 29386
 23047
 16573
 29800
 13626
 19804
 30694
 28755
 8008
 30570
 6437
 3925
 21681
 20161
 9577
 25778
 1309
 32449
 30996
 20949
 7005
 18735
 26994
 3671
 13590
 23632
 14037
 10274
 5772
 28013
 18781
 20003
 32466
 12492
 28069
 5363
 14281
 17986
 20867
 12594
 6102
 5583
 30309
 533
 30710
 295
 20925
 8578
 14018
 22598
 10321
 4087
 16828
 17203
 4403
 24437
 6783
 22169
 469
 8135
 25889
 7910
 22663
 22310
 10158
 23798
 21705
 32284
 11250
 25515
 16579
 8106
 29094
 244
 27592
 16580
 22298
 10506
 31510
 32735
 12376
 3303
 26762
 455
 30847
 7118
 16033
 27465
 15306
 6440
 27446
 20568
 30023
 16136
 26282
 31256
 23560
 19821
 1600
 2888
 22142
 15875
 1112
 18944
 29771
 8664
 18008
 27382
 32415
 21043
 25297
 11792
 22499
 16448
 21042
 32092
 24210
 66
 8231
 3520
 21916
 8136
 9796
 27145
 4905
 3684
 27387
 14829
 16493
 25203
 6411
 16737
 26576
 22933
 8345
 29035
 30066
 20072
 26655
 28072
 21208
 2663
 10346
 2050
 2557
 32597
 23350
 4140
 1523
 21269
 24422
 19956
 29425
 24387
 19984
 20811
 27729
 24354
 28793
 13589
 9818
 13386
 4721
 29625
 13539
 25379
 21177
 9848
 14383
 16159
 19375
 3663
 8600
 15703
 25569
 30956
 1674
 9094
 3246
 20112
 31521
 32767
 6976
 10712
 19740
 11476
 20310
 15613
 18076
 29667
 4419
 30605
 5601
 14196
 21945
 3603
 14097
 5034
 14226
 2398
 15426
 18229
 10750
 11075
 1103
 13967
 16598
 29747
 1000
 13582
 26141
 20133
 2500
 21445
 29799
 26226
 26706
 11670
 11073
 25068
 29089
 12209
 26350
 12970
 22691
 25277
 9375
 25241
 2184
 14930
 12045
 21970
 4846
 3275
 9970
 7545
 15769
 11806
 4437
 12486
 17733
 32582
 5035
 23637
 8091
 22114
 3239
 26875
 23010
 15630
 13226
 10684
 8772
 25879
 31343
 18483
 11198
 373
 19404
 24560
 10105
 13191
 10898
 7805
 31130
 4999
 17403
 14309
 20581
 20317
 9485
 20660
 2056
 671
 19638
 28428
 17144
 28865
 20958
 28653
 32187
 18717
 18312
 31734
 375
 24005
 21193
 19081
 4846
 32041
 21531
 302
 8058
 17287
 9087
 8185
 28091
 18806
 8880
 5618
 24722
 15095
 19696
 18066
 23943
 6254
 8960
 4090
 6376
 30184
 28454
 19121
 28844
 18909
 28461
 20886
 29589
 24006
 8302
 22336
 27839
 18795
 27766
 28799
 17465
 9672
 16510
 16125
 31221
 32069
 29559
 24642
 13284
 30590
 12333
 7034
 4179
 30545
 11759
 26786
 237
 8602
 23774
 8267
 26313
 28641
 23944
 26764
 4574
 13633
 6473
 16833
 11410
 778
 25062
 32322
 28430
 19645
 24469
 561
 6307
 10793
 4989
 13656
 16957
 30440
 10085
 5029
 27469
 15993
 17757
 718
 18284
 24121
 7482
 29429
 26062
 1094
 22215
 28599
 12478
 23011
 28433
 5395
 13453
 15016
 4212
 1834
 5650
 9994
 17231
 8703
 10607
 4323
 22464
 9046
 6665
 5661
 30909
 27775
 22813
 19435
 25308
 1428
 3651
 7991
 6886
 15226
 1009
 3918
 26764
 5820
 26911
 6390
 393
 4252
 12595
 14703
 31057
 30391
 4643
 31141
 29495
 16876
 12596
 959
 9482
 31937
 11463
 2990
 2411
 7786
 29171
 18263
 28629
 25403
 4486
 8836
 19601
 31727
 17068
 24494
 30063
 5400
 14000
 31515
 23305
 21844
 12111
 18392
 31695
 932
 15792
 12388
 10758
 11649
 15008
 2028
 27440
 27740
 18632
 28652
 3334
